24 20 27 20 17 23 22 23 25
-1 0 0 0 0 0 0 0 -1 
C     -0.63698800   -1.13775700    1.82360900
 C      0.76290800   -1.21029000    1.75722400
 C     -1.38011000   -1.89595000    0.90155800
 C     -0.75145500   -2.73373600   -0.02411900
 C      0.65836300   -2.80551200   -0.08456200
 O      1.28913000   -3.62673400   -0.95970200
 H      1.36951100   -0.61430300    2.43481600
 H     -2.47415600   -1.83941100    0.90592400
 C      1.40064000   -2.02878200    0.81319900
 H      2.49298000   -2.08425800    0.75946600
 H      0.82898300   -3.55624300   -1.81738400
 C     -1.38612700   -0.37004100    2.90102800
 H     -1.70114900   -1.10290700    3.67147900
 H     -2.31099300    0.04826400    2.46632900
 C     -0.62366500    0.75596800    3.64400400
 H      0.33773000    0.35781000    4.01022400
 O     -1.46206200   -3.49432200   -0.91378200
 H     -2.27587900   -3.80555100   -0.48812600
 H     -2.13820900    1.84524800    4.41075900
 H     -1.82494000    0.49993300    5.27401200
 N     -1.37353800    1.28120600    4.79098500
 C     -0.31710200    1.90990300    2.65646600
 O     -1.25957400    2.75921000    2.49210400
 O      0.76274000    1.92784400    2.05306100
 N     3.99621200    6.90712700   -3.96279800
 C     4.68822300    5.79321500   -3.33196200
 C     4.02380200    4.44599100   -3.53258500
 O     4.44433800    3.43015400   -2.97868800
 C     5.02704400    5.94666000   -1.83163500
 C     3.82559600    5.78180600   -0.95111400
 N     2.96420200    6.78783200   -0.57414700
 C     3.23903400    4.62492600   -0.47184400
 C     1.92335600    6.23036400    0.09467800
 N     2.06081200    4.91579600    0.17135700
 H     4.64462400    7.68310300   -4.09256300
 H     3.25346900    7.25665300   -3.35204500
 H     5.65700400    5.68957000   -3.85792300
 H     5.53274800    6.91327700   -1.66888500
 H     5.73371100    5.14038100   -1.60332200
 H     3.10092100    7.78242900   -0.72234900
 H     3.61018200    3.60710700   -0.58417100
 H     1.06734800    6.78507200    0.48629100
 O      3.02898467    4.43225063   -4.30311744
 H      3.19402042    3.82574270   -5.02872845
 N      8.16849600   -7.48233100   -1.13640300
 C      7.27022000   -6.62486400   -1.89313900
 C      7.73683800   -6.39476400   -3.32050300
 O      6.94671100   -6.05435800   -4.19847500
 C      7.23111100   -5.21443200   -1.21986800
 C      6.85109100   -5.26783000    0.23559100
 C      7.72490100   -5.32521100    1.30682100
 C      5.51997400   -5.31960800    0.80623300
 N      7.02744300   -5.41331100    2.48616100
 C      5.68025200   -5.41016100    2.22333000
 C      4.21259300   -5.26010600    0.26881300
 C      4.58272500   -5.45161400    3.10400700
 C      3.12069800   -5.29910500    1.13785100
 C      3.30687200   -5.39792700    2.54169900
 H      8.14818700   -8.42838600   -1.52235300
 H      7.79939900   -7.56489600   -0.18756200
 H      6.23128400   -6.99848500   -1.98413000
 H      6.52336900   -4.58413600   -1.78440300
 H      8.23765200   -4.77235000   -1.32015100
 H      8.81499900   -5.30695700    1.31086900
 H      7.44503000   -5.42664800    3.40810500
 H      4.05549000   -5.17140700   -0.81103300
 H      4.72478800   -5.49201400    4.18731000
 H      2.11028700   -5.22912400    0.72503100
 H      2.43433300   -5.41570400    3.20196100
 O      9.06755600   -6.52870500   -3.53285000
 H      9.22257100   -6.30828900   -4.46711100
 N     -7.11244200    2.34583400    3.43436200
 N    -11.47697900    2.46442800    1.41999300
 C    -10.38430400    1.95203900    2.23955800
 C    -10.60646000    2.46060900    3.65052700
 O    -11.21662800    3.47060600    3.99782900
 C     -8.96998200    2.32017400    1.69310400
 C     -7.78573300    1.73525300    2.40526500
 C     -7.08498100    0.56101400    2.18407400
 C     -6.06388400    1.55599400    3.77927000
 N     -6.01485100    0.45917300    3.04237500
 H    -11.29870400    2.21807200    0.44490500
 H    -11.45932300    3.48643400    1.45759300
 H    -10.45081300    0.85223500    2.29426400
 H     -8.88347400    3.41987100    1.63098100
 H     -8.94799100    1.93113200    0.66030500
 H     -7.33566900    3.24299500    3.85181200
 H     -7.28790300   -0.18304000    1.41241100
 H     -5.37226100    1.82380200    4.57838500
 O    -10.12109300    1.55560100    4.64539300
 H    -10.31334600    1.98877200    5.49343100
 N     -9.55436800   -0.49701900   -3.38140200
 C     -8.67174400   -1.59694200   -3.03836700
 C     -9.19093000   -2.96190200   -3.43910500
 O     -8.44158800   -3.79781100   -3.94558800
 C     -8.38471300   -1.53282000   -1.50503800
 O     -8.24673800   -0.15872600   -1.17858300
 C     -7.11744800   -2.29107400   -1.12525800
 H     -9.50441400   -0.27944000   -4.37623200
 H    -10.52834800   -0.74242400   -3.18551400
 H     -7.72144600   -1.47649100   -3.58114200
 H     -9.25890100   -1.94578900   -0.96439300
 H     -8.83128800    0.28908500   -1.83359400
 H     -7.18155600   -3.34016900   -1.46329900
 H     -6.96834600   -2.28015300   -0.03272900
 H     -6.23967500   -1.82077900   -1.60829500
 O    -10.56578400   -3.29344100   -3.23091600
 H    -10.64139500   -4.20404500   -3.56143400
 N     8.24126400    4.84671600   -0.72239700
 C     7.38021200    5.22098100    0.36244600
 C     7.94749100    6.23667000    1.27368600
 O     9.10722000    6.18598800    1.69941300
 C     7.11961100    3.95354700    1.24132600
 C     6.47552300    4.23844900    2.58667200
 C     7.24233700    4.18101100    3.76484000
 C     5.11375300    4.58395900    2.68490100
 C     6.66417100    4.45470900    5.01439800
 C     4.53327500    4.85939500    3.93088400
 C     5.30677400    4.79565700    5.10147200
 H     7.85766900    4.01512600   -1.17453800
 H     8.26532700    5.57429300   -1.43899500
 H     6.38759800    5.60479500    0.07294300
 H     8.09824800    3.46658400    1.39013400
 H     6.48437000    3.27726600    0.64163600
 H     8.30369700    3.91783200    3.70279000
 H     4.50033600    4.62833800    1.77837100
 H     7.27660400    4.39958400    5.92018400
 H     3.47190900    5.12107900    3.98812300
 H     4.85253600    5.00800700    6.07442300
 O     7.14624400    7.34042600    1.70182300
 H     7.72807800    7.81002700    2.32132900
 N      6.06647500   -2.18691200    3.33761600
 C      5.15129800   -1.27142200    4.02574600
 C      4.58229700   -2.14210800    5.15638000
 O      3.71397100   -2.98298700    4.91577200
 C      3.98052400   -0.71158200    3.19515100
 C      4.43587900   -0.17928400    1.82494800
 C      3.23483500    0.35818800    4.01921800
 C      5.48718200    0.93782800    1.88979300
 H      5.51307000   -2.88365000    2.82966000
 H      6.59247600   -1.67397200    2.62914300
 H      5.74730100   -0.45727700    4.47033900
 H      3.29913600   -1.56102200    3.00895400
 H      4.82360600   -1.02406900    1.22617800
 H      3.53891100    0.19014000    1.29254200
 H      3.93459400    1.12371700    4.40126000
 H      2.73025000   -0.09308900    4.89631200
 H      2.46889300    0.87320800    3.41309200
 H      6.41615100    0.60305900    2.38920600
 H      5.10757800    1.81015000    2.44907800
 H      5.74844000    1.26966700    0.87269100
 O      5.08854200   -1.93612900    6.39320400
 H      4.59321600   -2.51068200    7.00999600
 N      2.26751200   -2.36679400    7.32278500
 C      0.94710200   -2.04002100    7.84413900
 C      0.31218700   -3.21672900    8.57906800
 O     -0.72138900   -3.07335300    9.21192400
 C     -0.09781300   -1.52650400    6.80273600
 C     -0.50560400   -2.58163800    5.79028100
 C     -1.70725500   -3.30150600    5.95731200
 C      0.30749700   -2.87800300    4.67992800
 C     -2.09067300   -4.28433800    5.03323700
 C     -0.07683900   -3.85759800    3.75203700
 C     -1.27459100   -4.56382300    3.92592700
 H      2.18657800   -3.04026200    6.55743500
 H      2.63570300   -1.51893200    6.88621000
 H      1.05885000   -1.25901600    8.61581000
 H     -0.98369300   -1.17804000    7.35861300
 H      0.34730500   -0.64944900    6.29761400
 H     -2.34884400   -3.08036400    6.81706200
 H      1.23829000   -2.32363300    4.51588900
 H     -3.03206100   -4.82761600    5.16489300
 H      0.54676600   -4.03791500    2.86995500
 H     -1.58277600   -5.31518000    3.19278700
 O      0.94209300   -4.49850600    8.51894400
 H      0.34739900   -5.07466500    9.02718800
 N     -6.93724800    4.33798300   -0.29433100
 C     -6.84407400    3.12791500   -0.84992100
 C     -7.82504800    2.82316000   -1.96388700
 C     -5.86493100    2.18426400   -0.42872000
 O     -5.82440400    0.94183100   -0.92808300
 C     -4.91348600    2.57670300    0.54508400
 C     -5.04038900    3.86219100    1.11928600
 C     -6.07861600    4.68498200    0.66641800
 C     -4.04218000    4.45103200    2.09252600
 O     -2.98628400    5.00298100    1.31807700
 P     -2.04034500    6.17488800    2.04227600
 O     -2.88245600    7.31574200    2.56421400
 O     -1.45344100    5.34470400    3.32726000
 O     -0.95995200    6.40828700    0.98158600
 H     -8.76625600    2.39610000   -1.56983900
 H     -7.40697700    2.12640300   -2.70815500
 H     -8.08724200    3.76627000   -2.46766800
 H     -6.73457900    0.60228800   -1.09971800
 H     -6.19861300    5.68955900    1.09020800
 H     -4.53445300    5.24903400    2.67700800
 H     -3.63573900    3.70184300    2.79214300
 C     -3.81824400    1.65930800    0.98210700
 H     -3.37996100    1.85665900    1.97987900
 O     -3.35571900    0.74481000    0.27727500
 H     -1.27057300    4.40887800    3.06860000
